-24.862118 -24.856747 -24.861898 -24.861403 -24.857957 -24.865135 -24.860781 -24.858226 -24.846279 -24.860458 -24.848100 -24.861400 -24.864390 -24.887299 -24.909898 -24.923174 -24.914315 -24.888125 -24.861302 -24.855593 -24.864173 -24.859728 -24.858596 -24.860460 -24.862322 -24.855018 -24.865590 -24.855178 -24.867041 -24.864853 -24.859838
-24.865517 -24.858348 -24.860457 -24.863368 -24.857812 -24.862225 -24.853394 -24.857897 -24.864547 -24.859715 -24.858761 -24.861118 -24.866011 -24.878048 -24.911089 -24.924258 -24.913351 -24.885433 -24.868133 -24.865167 -24.855227 -24.856699 -24.864695 -24.863692 -24.862955 -24.849678 -24.857441 -24.855388 -24.860993 -24.866858 -24.860050
-24.857614 -24.864908 -24.859449 -24.865998 -24.854641 -24.856933 -24.848941 -24.849684 -24.854588 -24.856940 -24.867113 -24.863912 -24.870650 -24.882110 -24.909591 -24.928508 -24.921273 -24.881647 -24.869340 -24.866956 -24.854286 -24.864995 -24.860044 -24.853042 -24.864046 -24.853892 -24.862178 -24.860845 -24.851815 -24.858913 -24.855503
-24.857157 -24.862156 -24.857913 -24.866100 -24.864190 -24.859899 -24.854479 -24.855367 -24.855532 -24.858400 -24.857545 -24.863118 -24.863457 -24.890184 -24.923909 -24.924276 -24.908254 -24.892687 -24.858324 -24.857577 -24.853195 -24.859527 -24.865468 -24.856246 -24.856148 -24.860988 -24.854456 -24.859132 -24.854975 -24.857849 -24.863378
-24.856130 -24.859263 -24.868803 -24.865232 -24.864220 -24.860548 -24.854847 -24.857210 -24.856047 -24.862363 -24.866747 -24.853587 -24.863614 -24.890538 -24.911485 -24.924254 -24.914752 -24.892071 -24.858193 -24.854679 -24.861549 -24.856659 -24.858232 -24.858083 -24.852353 -24.855538 -24.858486 -24.853504 -24.863090 -24.851059 -24.867537
-24.864650 -24.866689 -24.859609 -24.859507 -24.859693 -24.855704 -24.855435 -24.860320 -24.861470 -24.852475 -24.862006 -24.844341 -24.869858 -24.895763 -24.913443 -24.927070 -24.919936 -24.887922 -24.864288 -24.860123 -24.869526 -24.851384 -24.853245 -24.864378 -24.860396 -24.860138 -24.863882 -24.847834 -24.850232 -24.858090 -24.856711
-24.853290 -24.856673 -24.864114 -24.856905 -24.853041 -24.853537 -24.853847 -24.862472 -24.857035 -24.863569 -24.859667 -24.863880 -24.858549 -24.891162 -24.916363 -24.919434 -24.925598 -24.884195 -24.865510 -24.848862 -24.861273 -24.853765 -24.863241 -24.860078 -24.864206 -24.859519 -24.860756 -24.863828 -24.860500 -24.859486 -24.855045
-24.853780 -24.854562 -24.865080 -24.860289 -24.859958 -24.862603 -24.855510 -24.860588 -24.857060 -24.866113 -24.868877 -24.849114 -24.864070 -24.876064 -24.911507 -24.923933 -24.915768 -24.889049 -24.864395 -24.861690 -24.866375 -24.853446 -24.851784 -24.864056 -24.865628 -24.853022 -24.847096 -24.857436 -24.859870 -24.856201 -24.852988
-24.861358 -24.858354 -24.862070 -24.853734 -24.861361 -24.862513 -24.862991 -24.866425 -24.856399 -24.858397 -24.855685 -24.852569 -24.867199 -24.882201 -24.912716 -24.928507 -24.918940 -24.883374 -24.868370 -24.860158 -24.854762 -24.846453 -24.855211 -24.855648 -24.859125 -24.859320 -24.861796 -24.864738 -24.853598 -24.858631 -24.863011
-24.850237 -24.859392 -24.860196 -24.865571 -24.863120 -24.853096 -24.860517 -24.858390 -24.865828 -24.860964 -24.864927 -24.853296 -24.860195 -24.889530 -24.914860 -24.931896 -24.911362 -24.883405 -24.862296 -24.856670 -24.859896 -24.853434 -24.864855 -24.865937 -24.847317 -24.861969 -24.852463 -24.852433 -24.858031 -24.858322 -24.860847
-24.855901 -24.853502 -24.861343 -24.873457 -24.865946 -24.863195 -24.856261 -24.856118 -24.862314 -24.859217 -24.861181 -24.853578 -24.861328 -24.890771 -24.924310 -24.932399 -24.919909 -24.884822 -24.860837 -24.863321 -24.868004 -24.860797 -24.864620 -24.849054 -24.864650 -24.856536 -24.854832 -24.857361 -24.864833 -24.859520 -24.854900
-24.859630 -24.868905 -24.866820 -24.858120 -24.854050 -24.857432 -24.858632 -24.849590 -24.849698 -24.858625 -24.857474 -24.865936 -24.859599 -24.882532 -24.916246 -24.922440 -24.915118 -24.887795 -24.870377 -24.863671 -24.854161 -24.864816 -24.859145 -24.862911 -24.858473 -24.860491 -24.851143 -24.864836 -24.865620 -24.849035 -24.867491
-24.857597 -24.855827 -24.855949 -24.853497 -24.859367 -24.854953 -24.859543 -24.866553 -24.855198 -24.857097 -24.852849 -24.843798 -24.865381 -24.879543 -24.912754 -24.923050 -24.910280 -24.888124 -24.868701 -24.855070 -24.857184 -24.865195 -24.859799 -24.858318 -24.865449 -24.854845 -24.849341 -24.862117 -24.860914 -24.849947 -24.856617
-24.854690 -24.856249 -24.861837 -24.858013 -24.859134 -24.870086 -24.856614 -24.865407 -24.857344 -24.864001 -24.855040 -24.851824 -24.864109 -24.893428 -24.917560 -24.926945 -24.917138 -24.892483 -24.868850 -24.855952 -24.858929 -24.860023 -24.852070 -24.854884 -24.870310 -24.861475 -24.859223 -24.863219 -24.854114 -24.860294 -24.861172
-24.858494 -24.852124 -24.863366 -24.853728 -24.862518 -24.862662 -24.861236 -24.862508 -24.862987 -24.857629 -24.854606 -24.858390 -24.863892 -24.889847 -24.916353 -24.926754 -24.913805 -24.888434 -24.858957 -24.861299 -24.855893 -24.853346 -24.857911 -24.866821 -24.867023 -24.856581 -24.868265 -24.866513 -24.862393 -24.849865 -24.863750
-24.857653 -24.860295 -24.858084 -24.853531 -24.853635 -24.854181 -24.865519 -24.861510 -24.857487 -24.854218 -24.858548 -24.861366 -24.866799 -24.879435 -24.912229 -24.921367 -24.906120 -24.884418 -24.855976 -24.863032 -24.854865 -24.860876 -24.862342 -24.864496 -24.863414 -24.856122 -24.854923 -24.864514 -24.872528 -24.858158 -24.861697
-24.859726 -24.861825 -24.864784 -24.857306 -24.859027 -24.849835 -24.857800 -24.852370 -24.862891 -24.859258 -24.866374 -24.859832 -24.860617 -24.887224 -24.913284 -24.923386 -24.916546 -24.893145 -24.865255 -24.855593 -24.860083 -24.851250 -24.860005 -24.849418 -24.862472 -24.854500 -24.854412 -24.855574 -24.857759 -24.857566 -24.866227
-24.852295 -24.858516 -24.866651 -24.862092 -24.863670 -24.860440 -24.862220 -24.863017 -24.856745 -24.860447 -24.851745 -24.862604 -24.868406 -24.887510 -24.906505 -24.929820 -24.917160 -24.890566 -24.856939 -24.855811 -24.859028 -24.862880 -24.857308 -24.863752 -24.870450 -24.858924 -24.855322 -24.864578 -24.848810 -24.854508 -24.852263
-24.852262 -24.856877 -24.854578 -24.852756 -24.857717 -24.865514 -24.862934 -24.864551 -24.860212 -24.849995 -24.858320 -24.856806 -24.862857 -24.883526 -24.905447 -24.922822 -24.916559 -24.889565 -24.870181 -24.859016 -24.866483 -24.856942 -24.861623 -24.854192 -24.856623 -24.858726 -24.859134 -24.860034 -24.867323 -24.865992 -24.854509
-24.859448 -24.864074 -24.861542 -24.854420 -24.855491 -24.855375 -24.857308 -24.860701 -24.851457 -24.854207 -24.856795 -24.862613 -24.862849 -24.884730 -24.917140 -24.930904 -24.911505 -24.883288 -24.865225 -24.868170 -24.862629 -24.852573 -24.851592 -24.859293 -24.863948 -24.857557 -24.856922 -24.864014 -24.859461 -24.862716 -24.863464
-24.862166 -24.859501 -24.863868 -24.864318 -24.856764 -24.858893 -24.858955 -24.859505 -24.871263 -24.857595 -24.854369 -24.853900 -24.864751 -24.877801 -24.915568 -24.924746 -24.906452 -24.883325 -24.867516 -24.860183 -24.860553 -24.849612 -24.860848 -24.860043 -24.858943 -24.856856 -24.860808 -24.861495 -24.858856 -24.858040 -24.855314
-24.864603 -24.867487 -24.864660 -24.862340 -24.861998 -24.858199 -24.866007 -24.861603 -24.865485 -24.860019 -24.861199 -24.848796 -24.856430 -24.890475 -24.917183 -24.925266 -24.912123 -24.881654 -24.857425 -24.852573 -24.863290 -24.861469 -24.852244 -24.855390 -24.862500 -24.859350 -24.855156 -24.872224 -24.858628 -24.856685 -24.862769
-24.875445 -24.857057 -24.861230 -24.859571 -24.852452 -24.855445 -24.853649 -24.868405 -24.856314 -24.861096 -24.866496 -24.854151 -24.862127 -24.881404 -24.919670 -24.918147 -24.915200 -24.888944 -24.872243 -24.852621 -24.851732 -24.864296 -24.849910 -24.856263 -24.858111 -24.860534 -24.851302 -24.854849 -24.857414 -24.854330 -24.859791
-24.856162 -24.859726 -24.856044 -24.869759 -24.860154 -24.863884 -24.864291 -24.857539 -24.857219 -24.859677 -24.855786 -24.858003 -24.861070 -24.879760 -24.917377 -24.926090 -24.912964 -24.880867 -24.870599 -24.856219 -24.864505 -24.858829 -24.860480 -24.858034 -24.864628 -24.860840 -24.854838 -24.866055 -24.852842 -24.854911 -24.854403
-24.861432 -24.855660 -24.864462 -24.870782 -24.862260 -24.863222 -24.853194 -24.857681 -24.863850 -24.859598 -24.859874 -24.855174 -24.863679 -24.884834 -24.913713 -24.924201 -24.913405 -24.884794 -24.871074 -24.856094 -24.859528 -24.864859 -24.861591 -24.859723 -24.850566 -24.862892 -24.864297 -24.860486 -24.855586 -24.856091 -24.856334
-24.855969 -24.856872 -24.864663 -24.865653 -24.855415 -24.868151 -24.864198 -24.857240 -24.860681 -24.868364 -24.861236 -24.858849 -24.863488 -24.896335 -24.909520 -24.926303 -24.916121 -24.888643 -24.848147 -24.860490 -24.850947 -24.867120 -24.848175 -24.855888 -24.858204 -24.859903 -24.853731 -24.869720 -24.858271 -24.854084 -24.859656
-24.860041 -24.864780 -24.860861 -24.856181 -24.863894 -24.864674 -24.850630 -24.854802 -24.863819 -24.857532 -24.862356 -24.859284 -24.858887 -24.888520 -24.906328 -24.933687 -24.908479 -24.884925 -24.872298 -24.854475 -24.858312 -24.874420 -24.853597 -24.865267 -24.855874 -24.851609 -24.851231 -24.858549 -24.872554 -24.858253 -24.851153
-24.857580 -24.860791 -24.857226 -24.857696 -24.861273 -24.864036 -24.862809 -24.849544 -24.852211 -24.856575 -24.858958 -24.852630 -24.861778 -24.886232 -24.916660 -24.930539 -24.917526 -24.875870 -24.864183 -24.859002 -24.868570 -24.842168 -24.864118 -24.848222 -24.855011 -24.854517 -24.859536 -24.862720 -24.855484 -24.855570 -24.858525
-24.856877 -24.857650 -24.867843 -24.853918 -24.862109 -24.862978 -24.851032 -24.855652 -24.856749 -24.851666 -24.856980 -24.856601 -24.865788 -24.884182 -24.903113 -24.926377 -24.912309 -24.895039 -24.866991 -24.858202 -24.857179 -24.859290 -24.863475 -24.859485 -24.859628 -24.859300 -24.847909 -24.860319 -24.852813 -24.859569 -24.858266
-24.851304 -24.848124 -24.858347 -24.853573 -24.861581 -24.865992 -24.859168 -24.841843 -24.856021 -24.844748 -24.859428 -24.861066 -24.862095 -24.887196 -24.916838 -24.936401 -24.917306 -24.890469 -24.866403 -24.848161 -24.857500 -24.852834 -24.857929 -24.854250 -24.861518 -24.870306 -24.863336 -24.862289 -24.856050 -24.859080 -24.860745
-24.859064 -24.865943 -24.856150 -24.856037 -24.862641 -24.857795 -24.866111 -24.855619 -24.865194 -24.853623 -24.857981 -24.866960 -24.858679 -24.892402 -24.908922 -24.919740 -24.908676 -24.893482 -24.859607 -24.850996 -24.864133 -24.867469 -24.860271 -24.864424 -24.862308 -24.850142 -24.860901 -24.861994 -24.863089 -24.857384 -24.861192
