-13.762658 -13.763431 -13.753590 -13.765024 -13.765170 -13.755055 -13.758435 -13.760968 -13.761003 -13.757631 -13.768760 -13.763735 -13.776566 -13.795195 -13.813765 -13.821137 -13.810061 -13.800593 -13.779990 -13.773296 -13.766737 -13.751511 -13.766942 -13.757842 -13.762971 -13.756271 -13.767448 -13.759157 -13.765888 -13.756580 -13.759096
-13.753180 -13.769205 -13.774026 -13.759312 -13.754520 -13.759217 -13.752659 -13.759177 -13.767755 -13.760664 -13.768915 -13.770012 -13.775534 -13.800279 -13.814661 -13.820619 -13.819292 -13.797438 -13.784460 -13.757619 -13.761298 -13.767276 -13.764877 -13.761040 -13.762227 -13.765545 -13.755850 -13.752624 -13.762406 -13.758994 -13.763411
-13.752984 -13.764526 -13.768213 -13.760378 -13.755863 -13.750303 -13.762158 -13.757660 -13.765876 -13.756862 -13.762695 -13.764351 -13.778258 -13.801842 -13.812280 -13.820127 -13.821560 -13.805850 -13.777812 -13.770817 -13.758888 -13.756128 -13.766100 -13.754547 -13.754207 -13.767005 -13.761445 -13.756724 -13.767532 -13.765483 -13.763515
-13.762561 -13.761551 -13.760687 -13.760707 -13.758338 -13.749479 -13.765503 -13.755769 -13.759465 -13.756172 -13.761896 -13.762305 -13.778173 -13.794311 -13.824364 -13.811500 -13.803253 -13.798805 -13.769604 -13.768401 -13.755722 -13.763420 -13.753482 -13.755326 -13.760952 -13.760145 -13.750659 -13.756019 -13.757557 -13.761949 -13.764738
-13.760876 -13.765224 -13.757939 -13.768083 -13.762567 -13.757996 -13.764798 -13.768195 -13.762047 -13.762467 -13.759523 -13.773354 -13.789527 -13.808818 -13.805903 -13.806773 -13.812059 -13.801052 -13.781374 -13.766933 -13.762937 -13.756821 -13.763557 -13.754326 -13.759741 -13.759085 -13.769505 -13.751194 -13.757037 -13.761843 -13.755920
-13.759002 -13.763140 -13.758286 -13.765156 -13.758670 -13.761457 -13.759822 -13.765777 -13.762180 -13.761475 -13.755123 -13.765696 -13.777281 -13.799963 -13.815376 -13.821118 -13.813399 -13.800115 -13.778241 -13.762585 -13.763150 -13.755258 -13.769833 -13.757543 -13.764007 -13.761118 -13.753332 -13.758066 -13.760162 -13.764074 -13.755770
-13.761556 -13.765098 -13.758291 -13.767930 -13.761492 -13.762539 -13.758702 -13.756329 -13.764231 -13.769725 -13.758026 -13.755117 -13.776454 -13.809872 -13.812145 -13.821515 -13.816937 -13.796766 -13.771958 -13.764733 -13.753513 -13.759146 -13.758492 -13.768038 -13.760091 -13.756061 -13.759995 -13.765326 -13.764475 -13.757148 -13.762087
-13.760296 -13.766460 -13.751692 -13.766092 -13.766536 -13.753643 -13.758685 -13.762598 -13.761319 -13.768511 -13.758956 -13.765764 -13.772918 -13.803725 -13.809299 -13.807400 -13.815746 -13.793988 -13.774972 -13.768721 -13.759489 -13.758403 -13.757336 -13.756967 -13.768306 -13.756042 -13.760101 -13.761660 -13.761349 -13.764344 -13.762387
-13.765667 -13.762390 -13.760932 -13.761206 -13.767563 -13.766420 -13.756097 -13.764257 -13.759294 -13.753441 -13.762446 -13.765562 -13.776724 -13.804335 -13.815506 -13.813007 -13.808504 -13.799537 -13.780495 -13.769158 -13.767760 -13.753127 -13.752454 -13.755975 -13.760600 -13.763705 -13.762925 -13.756554 -13.754277 -13.754451 -13.751745
-13.763324 -13.750963 -13.766708 -13.763168 -13.761868 -13.757119 -13.768905 -13.760505 -13.757867 -13.763077 -13.762223 -13.768998 -13.777631 -13.800854 -13.807672 -13.812417 -13.815959 -13.808446 -13.777086 -13.764325 -13.762997 -13.759647 -13.757202 -13.759252 -13.759659 -13.763813 -13.763981 -13.765448 -13.757818 -13.758104 -13.759355
-13.751561 -13.765622 -13.760527 -13.757881 -13.770074 -13.760256 -13.763889 -13.761403 -13.752816 -13.755729 -13.769933 -13.757356 -13.780953 -13.795740 -13.815049 -13.816352 -13.811880 -13.802082 -13.782808 -13.767166 -13.763447 -13.764065 -13.750295 -13.761281 -13.756742 -13.757360 -13.752717 -13.767129 -13.755959 -13.748453 -13.761145
-13.753800 -13.755038 -13.756111 -13.770718 -13.764749 -13.757913 -13.751809 -13.764749 -13.754648 -13.760682 -13.762848 -13.756521 -13.779688 -13.800670 -13.818627 -13.820894 -13.813161 -13.808351 -13.776555 -13.770701 -13.761909 -13.759540 -13.761843 -13.754287 -13.757844 -13.754991 -13.766685 -13.759824 -13.762282 -13.768573 -13.765474
-13.765965 -13.761390 -13.762509 -13.759152 -13.766681 -13.764619 -13.765455 -13.757453 -13.759318 -13.766839 -13.760766 -13.765387 -13.780041 -13.810972 -13.817405 -13.823397 -13.812411 -13.802239 -13.780967 -13.777599 -13.767476 -13.758209 -13.753542 -13.753363 -13.760886 -13.755056 -13.763226 -13.757457 -13.752111 -13.765016 -13.763212
-13.762230 -13.760065 -13.762758 -13.769351 -13.758185 -13.758385 -13.764459 -13.758448 -13.756418 -13.766261 -13.752723 -13.770064 -13.774987 -13.801787 -13.812512 -13.815295 -13.815821 -13.810191 -13.785458 -13.767190 -13.762377 -13.760063 -13.761167 -13.750992 -13.756098 -13.764371 -13.758518 -13.771243 -13.759534 -13.764382 -13.763648
-13.760369 -13.767569 -13.758585 -13.762487 -13.771710 -13.757578 -13.759717 -13.764166 -13.766540 -13.755272 -13.758016 -13.771299 -13.781665 -13.798254 -13.816160 -13.819860 -13.813219 -13.793514 -13.773773 -13.761223 -13.752277 -13.757091 -13.763289 -13.755898 -13.759796 -13.761103 -13.759534 -13.758412 -13.755019 -13.763908 -13.754045
-13.767695 -13.759471 -13.764157 -13.765712 -13.760990 -13.760620 -13.761422 -13.760675 -13.766883 -13.755909 -13.766373 -13.770055 -13.778833 -13.798067 -13.823296 -13.816638 -13.819654 -13.794082 -13.780918 -13.763498 -13.769706 -13.762230 -13.760663 -13.761874 -13.752582 -13.761049 -13.754468 -13.763679 -13.750788 -13.763635 -13.764802
-13.755940 -13.763871 -13.754425 -13.759943 -13.762326 -13.766515 -13.762040 -13.755900 -13.754433 -13.763928 -13.765126 -13.758344 -13.774531 -13.802003 -13.822411 -13.822809 -13.806959 -13.804997 -13.773649 -13.766647 -13.754942 -13.760744 -13.761489 -13.761194 -13.764626 -13.764501 -13.768652 -13.759210 -13.758475 -13.757163 -13.762366
-13.749364 -13.758502 -13.754902 -13.765070 -13.764770 -13.766047 -13.751453 -13.767137 -13.764338 -13.758992 -13.760692 -13.769741 -13.776607 -13.803204 -13.808580 -13.816675 -13.813099 -13.801100 -13.763361 -13.767236 -13.760389 -13.762196 -13.754009 -13.760822 -13.754598 -13.755160 -13.765877 -13.751645 -13.766709 -13.757477 -13.755058
-13.759881 -13.754815 -13.760700 -13.760827 -13.765950 -13.762467 -13.754577 -13.752488 -13.765933 -13.766176 -13.765230 -13.771601 -13.780075 -13.801118 -13.811031 -13.818391 -13.820245 -13.794851 -13.779428 -13.767716 -13.767313 -13.757619 -13.760260 -13.749315 -13.762175 -13.763085 -13.756269 -13.769807 -13.758832 -13.761666 -13.749010
-13.766912 -13.755173 -13.760964 -13.765606 -13.755694 -13.764978 -13.762655 -13.758663 -13.757210 -13.756290 -13.763339 -13.766949 -13.770886 -13.801749 -13.812205 -13.816249 -13.810691 -13.802487 -13.789366 -13.769487 -13.760909 -13.763848 -13.752270 -13.761193 -13.763600 -13.751284 -13.762298 -13.760341 -13.761508 -13.759537 -13.760961
-13.758815 -13.770806 -13.764245 -13.759449 -13.759885 -13.759839 -13.753262 -13.763113 -13.765253 -13.762245 -13.759034 -13.759566 -13.769765 -13.799054 -13.812616 -13.824095 -13.812152 -13.805841 -13.779331 -13.777037 -13.758548 -13.758825 -13.767847 -13.755215 -13.765634 -13.770970 -13.756839 -13.761621 -13.758570 -13.753858 -13.758217
-13.757245 -13.767507 -13.757047 -13.750438 -13.763715 -13.760762 -13.754385 -13.764377 -13.762386 -13.767940 -13.755354 -13.763086 -13.772604 -13.806753 -13.823520 -13.818270 -13.813251 -13.814612 -13.786608 -13.760262 -13.762482 -13.756038 -13.761827 -13.759784 -13.765563 -13.757679 -13.767006 -13.756424 -13.748842 -13.762791 -13.763571
-13.755919 -13.760315 -13.762471 -13.764199 -13.757648 -13.754894 -13.762744 -13.762451 -13.767764 -13.764626 -13.760912 -13.767331 -13.775994 -13.800663 -13.814880 -13.816479 -13.824224 -13.788336 -13.783987 -13.765499 -13.751056 -13.752464 -13.757545 -13.769931 -13.757760 -13.757116 -13.759096 -13.764203 -13.758376 -13.756198 -13.764826
-13.764777 -13.754255 -13.762722 -13.754709 -13.762960 -13.763075 -13.758492 -13.765651 -13.765994 -13.759849 -13.764361 -13.767222 -13.775298 -13.794152 -13.809860 -13.817550 -13.811904 -13.800399 -13.777208 -13.766633 -13.757905 -13.758392 -13.758827 -13.755169 -13.757524 -13.755582 -13.762106 -13.761785 -13.754979 -13.761776 -13.759886
-13.767901 -13.761915 -13.764912 -13.767298 -13.769295 -13.761425 -13.763397 -13.758026 -13.761039 -13.754890 -13.766589 -13.772184 -13.777919 -13.794303 -13.802883 -13.819284 -13.816082 -13.803275 -13.780571 -13.766004 -13.759227 -13.770663 -13.764084 -13.757526 -13.756002 -13.762364 -13.761859 -13.758734 -13.757613 -13.758935 -13.765593
-13.754979 -13.769932 -13.760177 -13.761376 -13.755724 -13.751182 -13.750448 -13.756171 -13.755271 -13.756388 -13.754238 -13.761446 -13.775379 -13.787229 -13.811357 -13.814420 -13.815242 -13.794556 -13.789246 -13.774390 -13.753969 -13.755764 -13.758995 -13.758175 -13.764694 -13.756046 -13.764051 -13.771791 -13.757503 -13.763773 -13.757532
-13.756293 -13.764523 -13.756004 -13.749657 -13.754384 -13.763442 -13.756265 -13.769379 -13.755846 -13.767538 -13.769737 -13.766510 -13.777440 -13.809366 -13.816197 -13.808332 -13.814594 -13.788981 -13.778485 -13.761264 -13.756715 -13.761392 -13.764010 -13.764211 -13.757357 -13.756891 -13.770514 -13.763437 -13.754132 -13.760012 -13.762041
-13.764508 -13.759028 -13.751808 -13.752754 -13.758400 -13.761960 -13.774938 -13.758854 -13.757285 -13.757574 -13.755008 -13.768707 -13.782908 -13.798549 -13.820448 -13.819907 -13.814809 -13.792284 -13.773180 -13.769017 -13.757218 -13.752345 -13.764480 -13.750369 -13.760074 -13.755567 -13.767127 -13.760797 -13.763498 -13.758376 -13.762870
-13.765452 -13.765566 -13.765658 -13.759776 -13.765052 -13.768413 -13.757274 -13.760433 -13.753907 -13.763631 -13.761821 -13.762081 -13.783190 -13.798804 -13.812384 -13.813368 -13.818910 -13.802960 -13.774000 -13.757982 -13.766889 -13.762507 -13.758298 -13.760665 -13.764593 -13.759332 -13.762421 -13.759897 -13.761154 -13.762826 -13.757458
-13.767021 -13.765310 -13.763426 -13.767466 -13.753264 -13.759221 -13.762582 -13.761815 -13.764872 -13.755478 -13.762117 -13.758690 -13.779605 -13.800690 -13.806770 -13.816266 -13.819987 -13.802787 -13.776312 -13.770116 -13.759654 -13.754633 -13.761892 -13.760270 -13.763945 -13.761480 -13.762170 -13.754074 -13.762197 -13.741875 -13.762245
-13.758601 -13.762884 -13.759772 -13.753937 -13.765929 -13.759550 -13.758693 -13.758543 -13.763579 -13.760147 -13.774111 -13.772136 -13.786344 -13.795952 -13.803544 -13.813655 -13.817161 -13.796336 -13.782636 -13.773054 -13.762947 -13.763344 -13.763206 -13.762950 -13.753281 -13.758014 -13.757302 -13.759006 -13.758971 -13.763126 -13.758664
