-17.823157 -17.824146 -17.826458 -17.822916 -17.824943 -17.817967 -17.824918 -17.823097 -17.826690 -17.824774 -17.827258 -17.828500 -17.841809 -17.848553 -17.880571 -17.883920 -17.877401 -17.854040 -17.847890 -17.825975 -17.825486 -17.828127 -17.826096 -17.829651 -17.828597 -17.821106 -17.825885 -17.831462 -17.818134 -17.826960 -17.829480
-17.826899 -17.823667 -17.829142 -17.820292 -17.828181 -17.825286 -17.820253 -17.827934 -17.821043 -17.824151 -17.820260 -17.829776 -17.833453 -17.863816 -17.886373 -17.890996 -17.878468 -17.855619 -17.830663 -17.824788 -17.812245 -17.828887 -17.829457 -17.832478 -17.828651 -17.829992 -17.818940 -17.819003 -17.826771 -17.811922 -17.809771
-17.823594 -17.830872 -17.824358 -17.830310 -17.814667 -17.826248 -17.817263 -17.826287 -17.828854 -17.812010 -17.827566 -17.821235 -17.842955 -17.862594 -17.879277 -17.886174 -17.886468 -17.859085 -17.839319 -17.817903 -17.822908 -17.826715 -17.819341 -17.827531 -17.821229 -17.820916 -17.829614 -17.828522 -17.823968 -17.822644 -17.823057
-17.816781 -17.820992 -17.829606 -17.819016 -17.824035 -17.813385 -17.825396 -17.826741 -17.824639 -17.821714 -17.818336 -17.822907 -17.831760 -17.863706 -17.870303 -17.880533 -17.876473 -17.859720 -17.843809 -17.826471 -17.823780 -17.819754 -17.827054 -17.818586 -17.825775 -17.820666 -17.827773 -17.824061 -17.830860 -17.836538 -17.821902
-17.829431 -17.823460 -17.815714 -17.816641 -17.820800 -17.818164 -17.821108 -17.820319 -17.820533 -17.815066 -17.833524 -17.827410 -17.832272 -17.861724 -17.881547 -17.884871 -17.882157 -17.859026 -17.846615 -17.833129 -17.824357 -17.826799 -17.825503 -17.830594 -17.825489 -17.819790 -17.827097 -17.818842 -17.827271 -17.825692 -17.820081
-17.828337 -17.825864 -17.828195 -17.828518 -17.831659 -17.815112 -17.822611 -17.823230 -17.809370 -17.827639 -17.824712 -17.821482 -17.824121 -17.851280 -17.886215 -17.881081 -17.875818 -17.858380 -17.828434 -17.825240 -17.824473 -17.827871 -17.823703 -17.824497 -17.817997 -17.818747 -17.823873 -17.819847 -17.824558 -17.816883 -17.829061
-17.827480 -17.823166 -17.818080 -17.820736 -17.824767 -17.825822 -17.821969 -17.806081 -17.824444 -17.817240 -17.822169 -17.824554 -17.831382 -17.863019 -17.877718 -17.891432 -17.880048 -17.868052 -17.841497 -17.820277 -17.826174 -17.825863 -17.829265 -17.827667 -17.823074 -17.814615 -17.822722 -17.822265 -17.832602 -17.813890 -17.829722
-17.825921 -17.824638 -17.821236 -17.832982 -17.821488 -17.819439 -17.822634 -17.818845 -17.816090 -17.824579 -17.824783 -17.828762 -17.842878 -17.856428 -17.875612 -17.885863 -17.876375 -17.860834 -17.840156 -17.834159 -17.820692 -17.830140 -17.828679 -17.819735 -17.813119 -17.816663 -17.827577 -17.825105 -17.818992 -17.830966 -17.822193
-17.823586 -17.821299 -17.818824 -17.821186 -17.826578 -17.824129 -17.823946 -17.824414 -17.828947 -17.823628 -17.835351 -17.828843 -17.830948 -17.849908 -17.873982 -17.879403 -17.888223 -17.866525 -17.831819 -17.831342 -17.820030 -17.832440 -17.827124 -17.826652 -17.829807 -17.828290 -17.823282 -17.813690 -17.833164 -17.824946 -17.830569
-17.815378 -17.824000 -17.823164 -17.829429 -17.822262 -17.826350 -17.825030 -17.823421 -17.828012 -17.823471 -17.824889 -17.825473 -17.836846 -17.860136 -17.884092 -17.892553 -17.876921 -17.863604 -17.834848 -17.828516 -17.824397 -17.822491 -17.824586 -17.827882 -17.825832 -17.812196 -17.816890 -17.822802 -17.820516 -17.817988 -17.816177
-17.818053 -17.826996 -17.823077 -17.817144 -17.816443 -17.821523 -17.820632 -17.826699 -17.830924 -17.828658 -17.822287 -17.834239 -17.828891 -17.862240 -17.885628 -17.892508 -17.877639 -17.861873 -17.831056 -17.831755 -17.817874 -17.823180 -17.822457 -17.812278 -17.824045 -17.823262 -17.814548 -17.820737 -17.825152 -17.825856 -17.826428
-17.820513 -17.824008 -17.823367 -17.816865 -17.820765 -17.831910 -17.821652 -17.821027 -17.824521 -17.818762 -17.822639 -17.829620 -17.829141 -17.872601 -17.873824 -17.889856 -17.881318 -17.850703 -17.835884 -17.831285 -17.824946 -17.824036 -17.824843 -17.827485 -17.824488 -17.821323 -17.816701 -17.820780 -17.819746 -17.818825 -17.816126
-17.828021 -17.821555 -17.830287 -17.819453 -17.822224 -17.828789 -17.812079 -17.819254 -17.829306 -17.820629 -17.821957 -17.836897 -17.839534 -17.868673 -17.874426 -17.880074 -17.882016 -17.862817 -17.838172 -17.823949 -17.826306 -17.824451 -17.829557 -17.826250 -17.815834 -17.823675 -17.826356 -17.818993 -17.819214 -17.818183 -17.819775
-17.820013 -17.818929 -17.816908 -17.826144 -17.822895 -17.824746 -17.821799 -17.818645 -17.824791 -17.828415 -17.819887 -17.816956 -17.837161 -17.860502 -17.880395 -17.889852 -17.871693 -17.853343 -17.839218 -17.825248 -17.818457 -17.825591 -17.821771 -17.814894 -17.813935 -17.813622 -17.821353 -17.829962 -17.821932 -17.829395 -17.822993
-17.828943 -17.829250 -17.822894 -17.822006 -17.820640 -17.829946 -17.823563 -17.820574 -17.828937 -17.816702 -17.832891 -17.824033 -17.839695 -17.863940 -17.878827 -17.872213 -17.875365 -17.854611 -17.834979 -17.820986 -17.822998 -17.821384 -17.820345 -17.826543 -17.823796 -17.818158 -17.823697 -17.826300 -17.818611 -17.821021 -17.824409
-17.818790 -17.820878 -17.829422 -17.820164 -17.826872 -17.829125 -17.820671 -17.835536 -17.823531 -17.825883 -17.821207 -17.817306 -17.842509 -17.859451 -17.879571 -17.886922 -17.880532 -17.866286 -17.830545 -17.822982 -17.820343 -17.815920 -17.817321 -17.814913 -17.819869 -17.827566 -17.823341 -17.827512 -17.825688 -17.828309 -17.815077
-17.830597 -17.826290 -17.817431 -17.822312 -17.821009 -17.831172 -17.827616 -17.836292 -17.819393 -17.819476 -17.821179 -17.827502 -17.840010 -17.857036 -17.871976 -17.892640 -17.872451 -17.850197 -17.842718 -17.827745 -17.822660 -17.818911 -17.816757 -17.822778 -17.822212 -17.824086 -17.823739 -17.814429 -17.820855 -17.830693 -17.822525
-17.831468 -17.823080 -17.822167 -17.824378 -17.824436 -17.824349 -17.830276 -17.815917 -17.827315 -17.821415 -17.826497 -17.822393 -17.832956 -17.852108 -17.872514 -17.885191 -17.879723 -17.863687 -17.831775 -17.826797 -17.810310 -17.823767 -17.834223 -17.820423 -17.824127 -17.824993 -17.824549 -17.826928 -17.818594 -17.824188 -17.822085
-17.818545 -17.829343 -17.814242 -17.818199 -17.826894 -17.830256 -17.823736 -17.821981 -17.828751 -17.819283 -17.817633 -17.834669 -17.838965 -17.856801 -17.882530 -17.886570 -17.878974 -17.861794 -17.840148 -17.823249 -17.815537 -17.827021 -17.818177 -17.826511 -17.820902 -17.828646 -17.817292 -17.819836 -17.824600 -17.823721 -17.824047
-17.829968 -17.825160 -17.816335 -17.811960 -17.821114 -17.825584 -17.820627 -17.825986 -17.826794 -17.814222 -17.825573 -17.820137 -17.841222 -17.853915 -17.879942 -17.891261 -17.874363 -17.850585 -17.835108 -17.826589 -17.820011 -17.820820 -17.827842 -17.835940 -17.832368 -17.815951 -17.829631 -17.824468 -17.829990 -17.818041 -17.811690
-17.819484 -17.826288 -17.828509 -17.824350 -17.832318 -17.824530 -17.825852 -17.832377 -17.827674 -17.819921 -17.817645 -17.830849 -17.839050 -17.860031 -17.872629 -17.887198 -17.877235 -17.848557 -17.837425 -17.831432 -17.830406 -17.824626 -17.820411 -17.830494 -17.821340 -17.826954 -17.823409 -17.822502 -17.826290 -17.826950 -17.827020
-17.825549 -17.822132 -17.818030 -17.822440 -17.818287 -17.818882 -17.827136 -17.822627 -17.822942 -17.820648 -17.820869 -17.813952 -17.840497 -17.861960 -17.888511 -17.891594 -17.880736 -17.859242 -17.840308 -17.821775 -17.831161 -17.820990 -17.823815 -17.824998 -17.820732 -17.814676 -17.826606 -17.820388 -17.821219 -17.810804 -17.817370
-17.825064 -17.817530 -17.826706 -17.817371 -17.825517 -17.828581 -17.820891 -17.819982 -17.831501 -17.822472 -17.828488 -17.823022 -17.833732 -17.851416 -17.889756 -17.884236 -17.882523 -17.852165 -17.832887 -17.826664 -17.830210 -17.828241 -17.823376 -17.821339 -17.829809 -17.827348 -17.819200 -17.813838 -17.827361 -17.821477 -17.820572
-17.832740 -17.823756 -17.828073 -17.827292 -17.822381 -17.823579 -17.823730 -17.827967 -17.823237 -17.823523 -17.821748 -17.833637 -17.833533 -17.862804 -17.880511 -17.894199 -17.881614 -17.853488 -17.847920 -17.816971 -17.821756 -17.812832 -17.821975 -17.828474 -17.827984 -17.824917 -17.818731 -17.831662 -17.825837 -17.811101 -17.823093
-17.819812 -17.824604 -17.824255 -17.821488 -17.826786 -17.826387 -17.826739 -17.814743 -17.819449 -17.815112 -17.826782 -17.826024 -17.827908 -17.854087 -17.884918 -17.884054 -17.878444 -17.851754 -17.835134 -17.821934 -17.830797 -17.812001 -17.823739 -17.826835 -17.823068 -17.825799 -17.828665 -17.834695 -17.817018 -17.821074 -17.827085
-17.823643 -17.824945 -17.822431 -17.828547 -17.820609 -17.815923 -17.833032 -17.820857 -17.824925 -17.814668 -17.824183 -17.827293 -17.842310 -17.859380 -17.882836 -17.893555 -17.878982 -17.851062 -17.832023 -17.822811 -17.823645 -17.824779 -17.824113 -17.828534 -17.822419 -17.823995 -17.821280 -17.816851 -17.823401 -17.817900 -17.825579
-17.816135 -17.826248 -17.826368 -17.822241 -17.828653 -17.838228 -17.822173 -17.819233 -17.827144 -17.823172 -17.823543 -17.818839 -17.832749 -17.853392 -17.885166 -17.889588 -17.880873 -17.856743 -17.835346 -17.826577 -17.826815 -17.824446 -17.831287 -17.818084 -17.826242 -17.818801 -17.825648 -17.830465 -17.820770 -17.816313 -17.825942
-17.828529 -17.829087 -17.818181 -17.829154 -17.822941 -17.824280 -17.824695 -17.826203 -17.820983 -17.823817 -17.818858 -17.819373 -17.832876 -17.858894 -17.876604 -17.903925 -17.875060 -17.858101 -17.837393 -17.830513 -17.817140 -17.824956 -17.834575 -17.822410 -17.825869 -17.835898 -17.828465 -17.823186 -17.822331 -17.818915 -17.821122
-17.828224 -17.828903 -17.824661 -17.835527 -17.819421 -17.813111 -17.823954 -17.826954 -17.824194 -17.828290 -17.825760 -17.826920 -17.841298 -17.857968 -17.886224 -17.884020 -17.889938 -17.854295 -17.839179 -17.833513 -17.812472 -17.827531 -17.823236 -17.821488 -17.811514 -17.816144 -17.813773 -17.823663 -17.818076 -17.819259 -17.830062
-17.812387 -17.818211 -17.819093 -17.821626 -17.820925 -17.827272 -17.818225 -17.829646 -17.817735 -17.818879 -17.830088 -17.821961 -17.835538 -17.867602 -17.877026 -17.881304 -17.893359 -17.862839 -17.833734 -17.827295 -17.818126 -17.828484 -17.815168 -17.825683 -17.826099 -17.821264 -17.826267 -17.819413 -17.825793 -17.822605 -17.826395
-17.819217 -17.826716 -17.820346 -17.823304 -17.825559 -17.828375 -17.819355 -17.819139 -17.829075 -17.819450 -17.818272 -17.829979 -17.837426 -17.866216 -17.879154 -17.878597 -17.877048 -17.865672 -17.842163 -17.827871 -17.818922 -17.816816 -17.824230 -17.816319 -17.824215 -17.821861 -17.824345 -17.818624 -17.824186 -17.815271 -17.827031
