-6.067303 -6.066878 -6.073447 -6.066520 -6.075628 -6.063449 -6.069732 -6.065134 -6.072464 -6.068415 -6.073746 -6.083188 -6.083102 -6.108832 -6.097054 -6.094895 -6.097663 -6.088187 -6.084241 -6.084180 -6.072162 -6.075405 -6.076038 -6.073039 -6.066275 -6.061912 -6.073979 -6.071902 -6.066061 -6.075057 -6.068031
-6.074576 -6.080844 -6.072153 -6.059725 -6.077017 -6.067803 -6.066006 -6.071695 -6.073397 -6.071197 -6.081156 -6.092494 -6.089272 -6.096171 -6.097070 -6.097689 -6.100007 -6.095268 -6.091634 -6.075335 -6.079166 -6.069804 -6.071931 -6.067558 -6.072021 -6.072529 -6.072776 -6.066444 -6.069942 -6.069928 -6.066869
-6.070646 -6.063448 -6.072050 -6.066305 -6.073542 -6.071453 -6.071985 -6.069515 -6.079058 -6.071881 -6.078629 -6.083312 -6.095286 -6.095793 -6.100322 -6.096335 -6.100715 -6.106328 -6.094043 -6.070490 -6.075353 -6.072036 -6.070211 -6.080915 -6.068672 -6.070473 -6.062935 -6.070910 -6.063998 -6.062964 -6.066820
-6.072529 -6.072993 -6.074765 -6.066877 -6.065187 -6.067905 -6.078076 -6.061305 -6.071795 -6.074669 -6.080639 -6.084519 -6.087366 -6.097742 -6.091894 -6.094719 -6.091300 -6.116531 -6.084427 -6.079709 -6.070246 -6.069707 -6.068602 -6.071107 -6.063981 -6.075911 -6.068040 -6.070588 -6.073954 -6.070538 -6.065420
-6.070489 -6.062492 -6.074585 -6.067679 -6.060079 -6.069375 -6.063319 -6.067787 -6.059595 -6.064328 -6.075842 -6.087922 -6.086815 -6.096115 -6.108722 -6.094963 -6.092626 -6.093477 -6.099062 -6.087941 -6.085079 -6.075426 -6.066307 -6.078409 -6.068415 -6.065192 -6.077762 -6.068295 -6.071110 -6.071174 -6.065159
-6.076901 -6.069430 -6.070103 -6.067665 -6.067370 -6.074408 -6.064538 -6.065654 -6.076579 -6.070994 -6.066169 -6.077761 -6.088453 -6.094845 -6.095631 -6.107196 -6.098684 -6.103230 -6.092004 -6.090921 -6.086649 -6.066798 -6.072299 -6.070234 -6.066643 -6.070730 -6.075505 -6.066521 -6.074655 -6.072935 -6.072703
-6.067497 -6.072973 -6.063258 -6.071454 -6.069472 -6.066326 -6.067306 -6.071789 -6.076086 -6.074871 -6.076104 -6.088062 -6.093013 -6.098586 -6.096895 -6.094927 -6.106394 -6.096030 -6.092025 -6.084846 -6.081943 -6.078905 -6.065944 -6.064982 -6.064273 -6.073683 -6.073514 -6.064850 -6.069705 -6.072759 -6.066302
-6.072414 -6.068901 -6.068886 -6.079330 -6.066364 -6.068013 -6.065584 -6.069840 -6.074453 -6.074925 -6.083169 -6.082151 -6.092871 -6.099307 -6.105476 -6.096276 -6.103179 -6.096250 -6.094223 -6.078198 -6.076687 -6.073124 -6.068784 -6.069908 -6.070217 -6.066736 -6.065545 -6.069481 -6.073480 -6.079764 -6.066154
-6.059414 -6.066363 -6.063571 -6.067529 -6.065272 -6.074425 -6.068975 -6.069894 -6.065661 -6.070235 -6.074208 -6.081616 -6.088314 -6.091528 -6.094871 -6.095428 -6.103618 -6.090148 -6.083899 -6.084097 -6.078128 -6.073338 -6.076014 -6.070106 -6.064369 -6.073575 -6.074042 -6.071163 -6.063554 -6.059934 -6.070209
-6.070510 -6.062338 -6.068338 -6.068812 -6.070465 -6.066586 -6.068872 -6.066617 -6.062565 -6.073434 -6.077549 -6.080727 -6.090324 -6.105030 -6.091533 -6.095952 -6.092386 -6.105731 -6.088550 -6.083898 -6.075498 -6.065171 -6.068966 -6.079610 -6.066442 -6.070793 -6.071854 -6.063853 -6.074468 -6.069144 -6.080628
-6.067065 -6.067534 -6.065373 -6.072554 -6.071387 -6.055950 -6.069484 -6.071187 -6.067857 -6.080685 -6.070069 -6.079976 -6.090449 -6.093082 -6.115435 -6.098499 -6.094079 -6.099369 -6.088232 -6.081432 -6.076174 -6.078060 -6.074938 -6.071685 -6.064427 -6.070822 -6.073009 -6.060133 -6.067601 -6.072984 -6.066162
-6.076701 -6.066986 -6.076843 -6.075153 -6.064196 -6.072672 -6.068943 -6.059356 -6.069418 -6.081035 -6.080724 -6.076694 -6.093123 -6.095958 -6.098901 -6.095761 -6.104552 -6.104499 -6.092702 -6.079554 -6.083427 -6.070712 -6.066583 -6.066404 -6.064901 -6.072028 -6.067104 -6.065049 -6.065108 -6.062178 -6.068511
-6.061440 -6.072138 -6.079189 -6.076658 -6.067642 -6.077148 -6.071037 -6.064239 -6.070993 -6.076900 -6.074945 -6.086418 -6.095972 -6.100294 -6.093665 -6.099762 -6.099737 -6.093279 -6.093440 -6.082201 -6.073444 -6.074393 -6.065757 -6.063366 -6.058384 -6.067538 -6.071932 -6.068657 -6.064097 -6.069244 -6.069615
-6.067679 -6.073169 -6.069459 -6.066118 -6.068743 -6.067683 -6.069757 -6.073203 -6.071094 -6.078848 -6.079536 -6.075362 -6.093484 -6.098247 -6.097071 -6.099414 -6.098188 -6.085222 -6.082680 -6.085497 -6.074487 -6.072427 -6.069576 -6.069569 -6.064228 -6.073142 -6.063381 -6.069500 -6.076244 -6.064809 -6.063789
-6.067208 -6.069876 -6.065657 -6.066152 -6.076608 -6.069140 -6.067633 -6.071182 -6.072820 -6.071814 -6.075294 -6.090682 -6.091847 -6.100310 -6.101025 -6.091946 -6.099057 -6.098136 -6.088649 -6.076530 -6.094268 -6.069108 -6.066116 -6.076645 -6.075417 -6.071207 -6.069158 -6.073410 -6.067173 -6.073076 -6.071145
-6.066904 -6.066679 -6.073230 -6.067422 -6.072140 -6.071956 -6.073623 -6.066202 -6.071177 -6.075426 -6.073279 -6.085970 -6.093433 -6.102614 -6.107521 -6.096866 -6.093844 -6.101814 -6.097996 -6.082533 -6.078996 -6.073549 -6.068143 -6.066452 -6.063348 -6.061855 -6.080363 -6.076014 -6.069026 -6.068179 -6.064556
-6.074702 -6.071649 -6.065625 -6.069903 -6.072504 -6.075761 -6.072533 -6.065352 -6.062290 -6.064450 -6.078341 -6.076786 -6.091627 -6.097074 -6.100518 -6.099045 -6.097506 -6.102422 -6.083615 -6.086340 -6.078087 -6.063129 -6.061409 -6.064790 -6.071641 -6.071445 -6.066576 -6.075959 -6.075712 -6.070360 -6.064036
-6.072878 -6.068470 -6.072677 -6.066614 -6.066306 -6.067802 -6.070234 -6.064242 -6.066527 -6.072699 -6.077339 -6.083213 -6.092038 -6.103014 -6.098321 -6.087883 -6.090331 -6.092710 -6.082190 -6.077965 -6.074878 -6.081123 -6.070618 -6.075217 -6.076856 -6.068122 -6.067834 -6.072252 -6.064255 -6.061471 -6.074063
-6.071560 -6.072131 -6.067327 -6.075821 -6.065065 -6.068822 -6.075219 -6.058012 -6.064960 -6.071310 -6.079849 -6.084343 -6.084549 -6.099717 -6.108645 -6.105302 -6.105300 -6.089150 -6.092380 -6.076497 -6.079709 -6.071323 -6.075053 -6.072429 -6.066509 -6.070428 -6.072647 -6.064782 -6.064133 -6.071982 -6.064134
-6.072346 -6.062392 -6.065158 -6.073669 -6.068925 -6.066446 -6.075110 -6.059164 -6.078433 -6.076682 -6.076477 -6.086316 -6.082348 -6.102205 -6.089529 -6.099606 -6.093361 -6.091683 -6.084970 -6.073777 -6.080367 -6.074559 -6.074555 -6.069153 -6.071821 -6.076799 -6.070825 -6.059100 -6.076862 -6.071749 -6.074157
-6.073983 -6.067696 -6.063957 -6.077863 -6.065937 -6.057319 -6.072475 -6.070491 -6.068067 -6.064856 -6.070796 -6.081691 -6.086191 -6.096687 -6.099584 -6.102066 -6.111492 -6.095617 -6.096567 -6.081308 -6.086358 -6.068087 -6.072244 -6.073091 -6.065791 -6.066562 -6.069189 -6.068004 -6.061501 -6.072469 -6.065998
-6.072555 -6.069227 -6.059420 -6.066481 -6.061703 -6.065606 -6.073948 -6.068357 -6.079122 -6.067820 -6.075719 -6.085619 -6.096474 -6.103147 -6.100624 -6.106123 -6.096557 -6.099034 -6.088540 -6.088795 -6.080806 -6.076768 -6.067741 -6.073836 -6.065520 -6.073703 -6.065065 -6.060149 -6.072883 -6.073354 -6.063854
-6.060140 -6.069570 -6.068015 -6.066823 -6.062649 -6.071650 -6.064203 -6.074885 -6.070072 -6.071325 -6.083742 -6.080635 -6.091327 -6.098225 -6.109588 -6.092819 -6.107461 -6.106344 -6.092851 -6.074469 -6.078287 -6.072601 -6.063419 -6.066997 -6.069756 -6.066036 -6.073576 -6.069161 -6.064869 -6.077261 -6.074935
-6.063227 -6.059979 -6.074413 -6.074269 -6.068750 -6.068831 -6.068722 -6.071043 -6.073606 -6.075303 -6.073377 -6.079481 -6.085987 -6.103879 -6.103896 -6.100661 -6.099534 -6.088614 -6.091285 -6.082096 -6.069825 -6.076677 -6.068292 -6.066219 -6.067941 -6.067351 -6.068379 -6.071396 -6.071717 -6.064654 -6.071402
-6.077624 -6.071700 -6.070019 -6.074692 -6.067266 -6.075589 -6.069174 -6.073811 -6.072268 -6.074876 -6.083256 -6.077988 -6.087593 -6.102392 -6.101001 -6.109092 -6.093495 -6.105444 -6.096093 -6.083497 -6.070978 -6.073408 -6.064661 -6.062848 -6.064994 -6.066225 -6.073409 -6.072172 -6.069848 -6.074307 -6.069848
-6.067849 -6.076083 -6.068143 -6.066353 -6.067975 -6.076955 -6.065800 -6.066551 -6.066437 -6.077451 -6.073618 -6.084770 -6.090279 -6.091109 -6.098962 -6.106707 -6.107605 -6.099567 -6.090321 -6.076765 -6.065070 -6.077921 -6.074181 -6.070360 -6.068478 -6.058627 -6.067950 -6.069946 -6.063715 -6.066409 -6.066061
-6.069173 -6.071999 -6.060711 -6.062426 -6.072743 -6.067364 -6.061534 -6.068240 -6.080200 -6.078400 -6.078736 -6.072764 -6.085923 -6.087161 -6.094794 -6.097144 -6.098890 -6.088655 -6.091788 -6.077867 -6.075999 -6.084407 -6.073845 -6.069126 -6.066613 -6.060889 -6.075152 -6.081705 -6.076404 -6.075491 -6.065169
-6.071136 -6.067156 -6.061762 -6.070468 -6.073622 -6.069949 -6.064664 -6.062970 -6.068290 -6.079841 -6.070342 -6.078718 -6.089934 -6.096006 -6.094905 -6.106244 -6.103249 -6.096384 -6.089900 -6.079030 -6.078856 -6.079355 -6.069711 -6.076881 -6.068733 -6.066195 -6.070392 -6.074401 -6.073946 -6.060143 -6.059280
-6.071208 -6.068842 -6.070751 -6.070319 -6.069895 -6.072003 -6.074940 -6.065123 -6.078278 -6.073399 -6.076487 -6.073911 -6.085875 -6.097348 -6.098539 -6.096260 -6.090099 -6.096876 -6.092050 -6.081198 -6.085877 -6.068427 -6.066819 -6.065580 -6.069416 -6.062375 -6.081924 -6.071526 -6.064798 -6.076713 -6.064331
-6.068898 -6.068557 -6.062424 -6.069706 -6.065759 -6.077979 -6.072345 -6.068858 -6.070554 -6.074442 -6.074758 -6.082613 -6.090823 -6.091762 -6.109760 -6.097649 -6.102088 -6.100713 -6.091557 -6.085046 -6.075034 -6.065942 -6.073558 -6.070002 -6.072277 -6.074517 -6.071195 -6.069548 -6.073789 -6.072088 -6.071720
-6.076301 -6.077767 -6.060247 -6.072205 -6.068460 -6.070484 -6.066509 -6.066799 -6.074840 -6.067462 -6.071891 -6.081339 -6.097762 -6.094237 -6.096154 -6.104220 -6.099128 -6.089578 -6.096773 -6.078853 -6.075723 -6.076520 -6.069224 -6.059627 -6.069865 -6.065511 -6.066656 -6.058433 -6.071852 -6.067188 -6.060499
