-21.489992 -21.485964 -21.504723 -21.487539 -21.497539 -21.493026 -21.490690 -21.481532 -21.495002 -21.490521 -21.495834 -21.501690 -21.502510 -21.527733 -21.550753 -21.554998 -21.556652 -21.537946 -21.506059 -21.496706 -21.492170 -21.487879 -21.500560 -21.488331 -21.496455 -21.491049 -21.501481 -21.488823 -21.496094 -21.490150 -21.486031
-21.502471 -21.488202 -21.490137 -21.486830 -21.491575 -21.490215 -21.491108 -21.491865 -21.493520 -21.481604 -21.497592 -21.497816 -21.501506 -21.526633 -21.544933 -21.566100 -21.554128 -21.524093 -21.497906 -21.490473 -21.492069 -21.487424 -21.492763 -21.500314 -21.496120 -21.483062 -21.494201 -21.505787 -21.491062 -21.499048 -21.492788
-21.490896 -21.494569 -21.483640 -21.484184 -21.488755 -21.498247 -21.490474 -21.482286 -21.493404 -21.490676 -21.493978 -21.495570 -21.501109 -21.527790 -21.553624 -21.568831 -21.547326 -21.526592 -21.501921 -21.495822 -21.493623 -21.498558 -21.484509 -21.479776 -21.496925 -21.486669 -21.498944 -21.492304 -21.497203 -21.488919 -21.490811
-21.491910 -21.499207 -21.501532 -21.499352 -21.480865 -21.485762 -21.490808 -21.490335 -21.487193 -21.489209 -21.494613 -21.499199 -21.504833 -21.523466 -21.549978 -21.552470 -21.558599 -21.520237 -21.491123 -21.492169 -21.492766 -21.495854 -21.488416 -21.496202 -21.488734 -21.486888 -21.502431 -21.492074 -21.489178 -21.497193 -21.488063
-21.496212 -21.490168 -21.499048 -21.489690 -21.491110 -21.491190 -21.498161 -21.496018 -21.481801 -21.491150 -21.491683 -21.492807 -21.490955 -21.518555 -21.547333 -21.558353 -21.548950 -21.522640 -21.503819 -21.488623 -21.490309 -21.486759 -21.494661 -21.489989 -21.491603 -21.490918 -21.495477 -21.490181 -21.488574 -21.488053 -21.499387
-21.486383 -21.485819 -21.497977 -21.496592 -21.501124 -21.494004 -21.493853 -21.493265 -21.487119 -21.493653 -21.493324 -21.492667 -21.508497 -21.523936 -21.555657 -21.564655 -21.552058 -21.532434 -21.493868 -21.494253 -21.498052 -21.498394 -21.491992 -21.503307 -21.497531 -21.490937 -21.497488 -21.502157 -21.491170 -21.492073 -21.486266
-21.492597 -21.501539 -21.491691 -21.493583 -21.490532 -21.491984 -21.487701 -21.486067 -21.494332 -21.486726 -21.488669 -21.489338 -21.490447 -21.528244 -21.548098 -21.555012 -21.536418 -21.514082 -21.500023 -21.483108 -21.493574 -21.491656 -21.495917 -21.491139 -21.493395 -21.492137 -21.489382 -21.491665 -21.489856 -21.486992 -21.498220
-21.500237 -21.489223 -21.493788 -21.487609 -21.497281 -21.500373 -21.487077 -21.487019 -21.497838 -21.487458 -21.485487 -21.491916 -21.496064 -21.525390 -21.556659 -21.562420 -21.542086 -21.516949 -21.500889 -21.495494 -21.495742 -21.492320 -21.490028 -21.492987 -21.492513 -21.492661 -21.491889 -21.496358 -21.490541 -21.502707 -21.499771
-21.492169 -21.490204 -21.490570 -21.491933 -21.489551 -21.490817 -21.485972 -21.491261 -21.491961 -21.496631 -21.491896 -21.498577 -21.500420 -21.527732 -21.560511 -21.561767 -21.553807 -21.537090 -21.514685 -21.494014 -21.492156 -21.502182 -21.496943 -21.492904 -21.490062 -21.497526 -21.491141 -21.496593 -21.494182 -21.492017 -21.493214
-21.501913 -21.492640 -21.497126 -21.487561 -21.485732 -21.487667 -21.485777 -21.495703 -21.500199 -21.488972 -21.484195 -21.486399 -21.497276 -21.523707 -21.561570 -21.557566 -21.552709 -21.528548 -21.503753 -21.487797 -21.492592 -21.491077 -21.486315 -21.495411 -21.485966 -21.502842 -21.492729 -21.488597 -21.487546 -21.488496 -21.489417
-21.494851 -21.491886 -21.486978 -21.503103 -21.488734 -21.485442 -21.496448 -21.494748 -21.493693 -21.488762 -21.494359 -21.503804 -21.502116 -21.522763 -21.544536 -21.563700 -21.555260 -21.523586 -21.501410 -21.494534 -21.499148 -21.501649 -21.500401 -21.493468 -21.493417 -21.495514 -21.494190 -21.495427 -21.486171 -21.494020 -21.488332
-21.507583 -21.489378 -21.490980 -21.496252 -21.484862 -21.489245 -21.490267 -21.495229 -21.496859 -21.492188 -21.502652 -21.490049 -21.497247 -21.522690 -21.549080 -21.567296 -21.555155 -21.521650 -21.492196 -21.498394 -21.493981 -21.485275 -21.494163 -21.495677 -21.487422 -21.492464 -21.491462 -21.502283 -21.496147 -21.496021 -21.497799
-21.479029 -21.490492 -21.491401 -21.494614 -21.494086 -21.497737 -21.497205 -21.493371 -21.492089 -21.491699 -21.486745 -21.494062 -21.498682 -21.526124 -21.543002 -21.546761 -21.547883 -21.526388 -21.510125 -21.493378 -21.499920 -21.488498 -21.496636 -21.490832 -21.493397 -21.493799 -21.485953 -21.492463 -21.492975 -21.500476 -21.495138
-21.489684 -21.495037 -21.493569 -21.492083 -21.490801 -21.494713 -21.495459 -21.496758 -21.500479 -21.490124 -21.484073 -21.495351 -21.505928 -21.528729 -21.560590 -21.553295 -21.549902 -21.514324 -21.500075 -21.492498 -21.489021 -21.494958 -21.491341 -21.489389 -21.493137 -21.498100 -21.501496 -21.496523 -21.497889 -21.485695 -21.499664
-21.497420 -21.487983 -21.493418 -21.497000 -21.495557 -21.494924 -21.487255 -21.489331 -21.493171 -21.492144 -21.495578 -21.500624 -21.501024 -21.515566 -21.548228 -21.553795 -21.561143 -21.519229 -21.503352 -21.492118 -21.489073 -21.493279 -21.499779 -21.488815 -21.498893 -21.502489 -21.497557 -21.487227 -21.495537 -21.497438 -21.499586
-21.483470 -21.490414 -21.493566 -21.493205 -21.491880 -21.484890 -21.493707 -21.496792 -21.495713 -21.499558 -21.483406 -21.492868 -21.501470 -21.529824 -21.545322 -21.562957 -21.554193 -21.527584 -21.501289 -21.492400 -21.493295 -21.492241 -21.491298 -21.489270 -21.496358 -21.498909 -21.500874 -21.490993 -21.497532 -21.491797 -21.494576
-21.487419 -21.488718 -21.486394 -21.487032 -21.490298 -21.489661 -21.497435 -21.493246 -21.487597 -21.491490 -21.494788 -21.491415 -21.499024 -21.526399 -21.551827 -21.563836 -21.548423 -21.522531 -21.494512 -21.481964 -21.485344 -21.499257 -21.491105 -21.492651 -21.497292 -21.493552 -21.502599 -21.488429 -21.497566 -21.499343 -21.497527
-21.489514 -21.494090 -21.494453 -21.489601 -21.499036 -21.481553 -21.485141 -21.497617 -21.486084 -21.496413 -21.488997 -21.492905 -21.503482 -21.524068 -21.544649 -21.563012 -21.547804 -21.525317 -21.507914 -21.488668 -21.494722 -21.488307 -21.487139 -21.494243 -21.493933 -21.499117 -21.490732 -21.491714 -21.485700 -21.486103 -21.490015
-21.482848 -21.487992 -21.492513 -21.489813 -21.489118 -21.485679 -21.496022 -21.486141 -21.490026 -21.491138 -21.491809 -21.492152 -21.503459 -21.525310 -21.544776 -21.555181 -21.549216 -21.521529 -21.503178 -21.498348 -21.494977 -21.488684 -21.485603 -21.492328 -21.497846 -21.483407 -21.491014 -21.496077 -21.502552 -21.490087 -21.487275
-21.494576 -21.494643 -21.486560 -21.493118 -21.494326 -21.502460 -21.486180 -21.495562 -21.474681 -21.488950 -21.485785 -21.485921 -21.509544 -21.532682 -21.544061 -21.559378 -21.553898 -21.533096 -21.503637 -21.496353 -21.492417 -21.499167 -21.485464 -21.490908 -21.495344 -21.495645 -21.488594 -21.491062 -21.493413 -21.489227 -21.494639
-21.492760 -21.487826 -21.486385 -21.490637 -21.486718 -21.492113 -21.489573 -21.494934 -21.491005 -21.490361 -21.490331 -21.493190 -21.500999 -21.524649 -21.555495 -21.552750 -21.550604 -21.522955 -21.503720 -21.497700 -21.488045 -21.491820 -21.493186 -21.493032 -21.482663 -21.494774 -21.492696 -21.487397 -21.494765 -21.499847 -21.491978
-21.490717 -21.487036 -21.494256 -21.495915 -21.489425 -21.491955 -21.497777 -21.495145 -21.486197 -21.492013 -21.495168 -21.485548 -21.510463 -21.522609 -21.548266 -21.551191 -21.550860 -21.524225 -21.508753 -21.497646 -21.491883 -21.496765 -21.502430 -21.489445 -21.499493 -21.489706 -21.494300 -21.491321 -21.500834 -21.491421 -21.501786
-21.496081 -21.495099 -21.486801 -21.490839 -21.485703 -21.503068 -21.485529 -21.501772 -21.493717 -21.496960 -21.491774 -21.498502 -21.504624 -21.518575 -21.547578 -21.557923 -21.546217 -21.519100 -21.502111 -21.492924 -21.500661 -21.490209 -21.490360 -21.494314 -21.502169 -21.492240 -21.487905 -21.486162 -21.493447 -21.489863 -21.490879
-21.491096 -21.493368 -21.496283 -21.500880 -21.496692 -21.489472 -21.506270 -21.496776 -21.492100 -21.493364 -21.489518 -21.494128 -21.496027 -21.521100 -21.553908 -21.558053 -21.547826 -21.520531 -21.490571 -21.496909 -21.494139 -21.493052 -21.490220 -21.482803 -21.490271 -21.487366 -21.493383 -21.491166 -21.486852 -21.489464 -21.493138
-21.482350 -21.491254 -21.485330 -21.491260 -21.485380 -21.501050 -21.497993 -21.487957 -21.493131 -21.488757 -21.490189 -21.497054 -21.505310 -21.536841 -21.544531 -21.558671 -21.554088 -21.522754 -21.504333 -21.496242 -21.500778 -21.497066 -21.487965 -21.485102 -21.490799 -21.499427 -21.489452 -21.495556 -21.491975 -21.496219 -21.490838
-21.487289 -21.492145 -21.489109 -21.486277 -21.488524 -21.486494 -21.492108 -21.492753 -21.494569 -21.496717 -21.490959 -21.495614 -21.502202 -21.531366 -21.558637 -21.557231 -21.547237 -21.526060 -21.497490 -21.486657 -21.496689 -21.485271 -21.500257 -21.492919 -21.491163 -21.494378 -21.493144 -21.485786 -21.493632 -21.491464 -21.485740
-21.488145 -21.497084 -21.507035 -21.497993 -21.488880 -21.494374 -21.494346 -21.501956 -21.489125 -21.493846 -21.495646 -21.487394 -21.498886 -21.523535 -21.553820 -21.560428 -21.550480 -21.525519 -21.503099 -21.490997 -21.486962 -21.488965 -21.484226 -21.499950 -21.493877 -21.486796 -21.496434 -21.488128 -21.492098 -21.494038 -21.498867
-21.488916 -21.486283 -21.490609 -21.499844 -21.488214 -21.496953 -21.492442 -21.483391 -21.483852 -21.491557 -21.488892 -21.492841 -21.499325 -21.519690 -21.549104 -21.559250 -21.550114 -21.523770 -21.494170 -21.495043 -21.485837 -21.490902 -21.488828 -21.495944 -21.501671 -21.493742 -21.500501 -21.490762 -21.496556 -21.488724 -21.482294
-21.499525 -21.491148 -21.489695 -21.496023 -21.489874 -21.499632 -21.491225 -21.491013 -21.491152 -21.497298 -21.491195 -21.492359 -21.502992 -21.525798 -21.550070 -21.549079 -21.547936 -21.519757 -21.502160 -21.487442 -21.483275 -21.493786 -21.491460 -21.487388 -21.497418 -21.489162 -21.484055 -21.490726 -21.497930 -21.491258 -21.488109
-21.485368 -21.487943 -21.490315 -21.498776 -21.491943 -21.492763 -21.497426 -21.496381 -21.485257 -21.483782 -21.499850 -21.484338 -21.505394 -21.525755 -21.555410 -21.550045 -21.545941 -21.522809 -21.504611 -21.495712 -21.496628 -21.494668 -21.493027 -21.498022 -21.489447 -21.487267 -21.491354 -21.490532 -21.498209 -21.494749 -21.494464
-21.496199 -21.497118 -21.493842 -21.492097 -21.496337 -21.496292 -21.494156 -21.489729 -21.495091 -21.495215 -21.494190 -21.492645 -21.507061 -21.521274 -21.549000 -21.553504 -21.554589 -21.525793 -21.503296 -21.491820 -21.492142 -21.488130 -21.489700 -21.495453 -21.493524 -21.487837 -21.484805 -21.495211 -21.494807 -21.488078 -21.497775
