-9.015993 -9.030411 -9.028860 -9.027750 -9.021000 -9.027968 -9.013405 -9.020856 -9.026406 -9.018257 -9.043552 -9.045572 -9.043827 -9.060272 -9.070729 -9.068012 -9.069905 -9.059438 -9.056988 -9.038231 -9.042499 -9.022638 -9.021522 -9.028087 -9.028911 -9.032498 -9.031075 -9.028938 -9.016838 -9.027769 -9.033831
-9.035608 -9.031317 -9.024837 -9.018120 -9.028608 -9.023247 -9.028504 -9.021453 -9.025722 -9.032674 -9.029457 -9.031584 -9.055774 -9.069612 -9.076644 -9.066939 -9.062200 -9.069908 -9.055601 -9.033291 -9.024819 -9.033402 -9.028886 -9.034333 -9.019102 -9.023886 -9.027364 -9.023282 -9.030523 -9.023116 -9.020938
-9.017861 -9.018446 -9.023591 -9.018800 -9.029095 -9.027351 -9.022314 -9.009382 -9.023963 -9.027941 -9.025736 -9.041175 -9.048140 -9.065014 -9.072545 -9.070094 -9.061934 -9.066809 -9.051212 -9.035890 -9.021346 -9.030115 -9.025941 -9.015053 -9.030746 -9.024293 -9.024629 -9.023680 -9.028644 -9.024557 -9.032672
-9.025396 -9.028556 -9.028639 -9.028819 -9.024286 -9.028616 -9.022163 -9.026315 -9.023834 -9.036971 -9.031372 -9.036958 -9.046212 -9.059920 -9.065462 -9.072617 -9.076949 -9.058996 -9.054553 -9.038348 -9.033721 -9.031852 -9.029155 -9.026943 -9.019919 -9.027657 -9.028974 -9.023607 -9.036032 -9.035678 -9.021101
-9.021460 -9.023558 -9.020146 -9.027139 -9.027004 -9.026933 -9.024776 -9.024433 -9.033184 -9.028371 -9.039378 -9.037291 -9.043587 -9.057937 -9.075365 -9.069010 -9.055204 -9.057160 -9.050901 -9.040724 -9.024999 -9.028916 -9.022791 -9.026023 -9.018350 -9.027350 -9.016470 -9.029469 -9.027418 -9.018863 -9.025376
-9.029400 -9.022214 -9.026471 -9.021332 -9.029321 -9.025059 -9.025693 -9.022585 -9.030802 -9.025086 -9.040374 -9.038381 -9.044104 -9.075926 -9.076150 -9.074107 -9.072397 -9.064514 -9.055725 -9.035219 -9.034146 -9.032073 -9.027238 -9.031054 -9.032139 -9.031190 -9.020801 -9.017512 -9.030862 -9.019991 -9.033584
-9.028590 -9.029575 -9.015576 -9.027633 -9.033592 -9.025153 -9.031437 -9.033882 -9.028435 -9.024698 -9.029737 -9.027010 -9.054395 -9.068041 -9.068005 -9.065091 -9.080812 -9.070380 -9.057152 -9.028397 -9.026131 -9.030577 -9.027574 -9.024590 -9.025622 -9.029158 -9.026394 -9.030187 -9.024838 -9.024273 -9.021883
-9.029482 -9.021981 -9.029539 -9.016317 -9.022304 -9.026346 -9.024549 -9.028955 -9.022485 -9.026876 -9.025023 -9.037732 -9.048499 -9.064489 -9.051342 -9.072509 -9.083918 -9.064911 -9.055204 -9.029084 -9.031220 -9.022291 -9.028859 -9.028624 -9.024255 -9.023304 -9.033552 -9.024154 -9.026743 -9.028703 -9.029326
-9.027592 -9.025779 -9.036345 -9.022169 -9.030285 -9.023812 -9.026860 -9.023375 -9.036347 -9.030286 -9.043422 -9.044394 -9.053808 -9.064004 -9.077942 -9.066266 -9.072159 -9.058117 -9.050102 -9.048100 -9.030576 -9.029448 -9.029547 -9.026883 -9.029898 -9.019743 -9.031242 -9.029479 -9.030757 -9.025070 -9.020786
-9.023997 -9.029472 -9.021885 -9.021833 -9.022335 -9.031561 -9.032458 -9.029260 -9.030405 -9.032826 -9.030772 -9.041886 -9.053136 -9.063709 -9.071389 -9.070784 -9.076895 -9.069068 -9.042093 -9.037653 -9.024434 -9.021765 -9.032855 -9.025995 -9.029239 -9.034723 -9.035125 -9.023499 -9.027741 -9.025185 -9.029416
-9.027257 -9.028519 -9.027630 -9.027240 -9.025815 -9.021772 -9.024191 -9.025834 -9.025654 -9.030098 -9.030144 -9.038039 -9.044827 -9.067668 -9.065519 -9.063809 -9.065545 -9.070384 -9.049989 -9.037064 -9.030578 -9.039935 -9.021987 -9.033063 -9.025019 -9.021038 -9.027430 -9.022422 -9.032926 -9.016803 -9.037570
-9.024826 -9.025535 -9.018242 -9.024624 -9.031130 -9.025419 -9.040819 -9.021382 -9.025109 -9.021005 -9.027869 -9.036419 -9.057939 -9.059459 -9.072534 -9.069429 -9.064127 -9.066230 -9.052466 -9.041541 -9.025201 -9.026337 -9.032454 -9.023079 -9.034024 -9.035868 -9.028930 -9.021289 -9.027706 -9.024625 -9.029359
-9.030219 -9.024424 -9.017267 -9.032901 -9.023969 -9.029537 -9.025244 -9.024740 -9.023277 -9.023484 -9.029954 -9.034989 -9.046902 -9.071759 -9.074780 -9.070295 -9.062851 -9.065712 -9.056371 -9.036869 -9.028802 -9.028053 -9.022546 -9.037008 -9.025095 -9.026578 -9.024496 -9.021954 -9.013692 -9.026129 -9.030516
-9.022355 -9.034189 -9.025819 -9.035646 -9.030523 -9.033219 -9.027483 -9.025739 -9.024799 -9.030306 -9.035275 -9.030575 -9.048400 -9.063835 -9.076625 -9.069202 -9.066814 -9.058456 -9.049158 -9.039090 -9.026061 -9.025305 -9.031635 -9.026676 -9.024154 -9.023092 -9.027753 -9.023092 -9.026205 -9.033981 -9.035448
-9.029740 -9.017982 -9.031355 -9.036326 -9.027719 -9.030529 -9.029164 -9.022240 -9.027019 -9.025822 -9.028094 -9.036871 -9.051946 -9.063175 -9.071395 -9.069417 -9.077072 -9.061818 -9.049325 -9.047416 -9.033413 -9.028047 -9.025770 -9.024873 -9.032076 -9.033139 -9.030406 -9.027378 -9.028479 -9.025617 -9.029619
-9.032343 -9.023711 -9.019815 -9.028928 -9.022900 -9.030461 -9.033065 -9.021812 -9.026631 -9.023381 -9.032619 -9.037721 -9.053366 -9.064931 -9.064744 -9.068275 -9.061498 -9.058552 -9.051163 -9.040499 -9.034222 -9.022225 -9.030896 -9.033968 -9.022588 -9.029417 -9.022603 -9.024913 -9.030690 -9.028894 -9.024945
-9.033248 -9.025009 -9.030668 -9.026594 -9.030212 -9.027875 -9.020311 -9.021406 -9.028003 -9.032067 -9.031859 -9.040987 -9.047797 -9.067077 -9.063279 -9.067573 -9.083955 -9.077261 -9.045308 -9.026016 -9.031306 -9.029159 -9.028899 -9.022026 -9.031488 -9.027049 -9.034438 -9.031865 -9.030185 -9.028778 -9.026298
-9.025603 -9.018877 -9.020682 -9.019290 -9.035397 -9.022304 -9.030969 -9.030629 -9.023061 -9.033513 -9.026619 -9.035121 -9.048721 -9.061116 -9.073530 -9.074219 -9.067725 -9.062191 -9.043264 -9.039410 -9.025625 -9.032655 -9.027400 -9.029568 -9.028298 -9.026411 -9.024237 -9.032383 -9.020758 -9.023841 -9.025867
-9.024384 -9.030065 -9.034357 -9.034138 -9.026239 -9.027533 -9.026960 -9.026008 -9.032041 -9.028801 -9.024634 -9.034061 -9.054173 -9.073808 -9.062870 -9.060451 -9.072047 -9.065381 -9.049079 -9.036762 -9.031907 -9.027416 -9.022935 -9.030383 -9.031724 -9.027475 -9.018527 -9.029812 -9.029280 -9.024995 -9.021617
-9.026775 -9.032543 -9.021227 -9.028494 -9.029932 -9.016557 -9.021663 -9.022805 -9.032304 -9.031061 -9.035758 -9.039357 -9.047542 -9.071664 -9.067429 -9.076329 -9.076608 -9.057178 -9.044222 -9.033599 -9.022052 -9.017147 -9.031793 -9.028027 -9.029648 -9.023402 -9.027471 -9.025566 -9.031257 -9.034468 -9.014764
-9.022712 -9.029039 -9.024234 -9.031561 -9.029349 -9.030263 -9.024385 -9.023591 -9.026737 -9.023083 -9.031273 -9.032203 -9.052417 -9.067490 -9.062362 -9.069091 -9.067749 -9.068581 -9.048720 -9.039568 -9.024468 -9.028313 -9.029869 -9.033166 -9.033905 -9.024678 -9.027910 -9.027829 -9.024246 -9.019283 -9.028670
-9.028326 -9.026185 -9.028894 -9.027279 -9.028074 -9.025130 -9.029336 -9.028277 -9.031081 -9.031195 -9.040521 -9.026735 -9.055367 -9.068785 -9.073804 -9.081186 -9.074721 -9.067861 -9.047168 -9.036342 -9.037748 -9.037585 -9.016226 -9.025583 -9.031503 -9.025227 -9.019951 -9.023267 -9.020145 -9.020329 -9.016266
-9.029073 -9.038470 -9.023993 -9.023012 -9.025126 -9.029511 -9.026531 -9.020126 -9.030012 -9.019673 -9.027502 -9.039851 -9.053162 -9.063337 -9.068574 -9.076988 -9.073192 -9.067915 -9.051420 -9.035421 -9.023641 -9.033881 -9.026552 -9.022917 -9.035412 -9.026725 -9.027975 -9.031874 -9.023440 -9.018342 -9.027352
-9.017939 -9.022820 -9.029277 -9.025562 -9.020280 -9.022799 -9.030095 -9.028447 -9.031678 -9.027728 -9.035210 -9.038885 -9.050325 -9.054601 -9.076290 -9.076450 -9.073405 -9.063097 -9.055593 -9.038480 -9.029448 -9.027439 -9.039350 -9.031943 -9.024884 -9.024879 -9.017456 -9.031837 -9.019903 -9.024308 -9.027345
-9.025467 -9.024396 -9.021395 -9.031503 -9.023847 -9.022325 -9.022026 -9.029290 -9.031750 -9.023332 -9.033789 -9.033344 -9.047237 -9.055002 -9.076900 -9.071044 -9.066503 -9.065970 -9.049208 -9.036071 -9.030970 -9.027730 -9.030099 -9.021780 -9.027399 -9.029364 -9.024058 -9.018351 -9.034071 -9.024628 -9.029790
-9.027594 -9.020308 -9.014206 -9.021634 -9.023234 -9.029914 -9.028062 -9.023934 -9.029155 -9.025706 -9.025463 -9.037175 -9.062399 -9.064055 -9.068686 -9.060895 -9.066065 -9.067743 -9.055835 -9.033437 -9.035238 -9.032571 -9.026105 -9.029580 -9.035444 -9.030197 -9.030126 -9.022654 -9.020740 -9.017520 -9.030814
-9.028605 -9.028383 -9.026037 -9.023604 -9.021706 -9.026233 -9.021254 -9.027285 -9.030373 -9.031186 -9.028280 -9.040180 -9.043750 -9.062991 -9.067802 -9.068756 -9.080370 -9.070581 -9.052814 -9.038676 -9.033315 -9.021963 -9.026277 -9.022180 -9.027460 -9.028417 -9.029503 -9.035457 -9.026157 -9.028137 -9.027950
-9.022031 -9.024958 -9.027292 -9.020593 -9.029380 -9.036841 -9.021829 -9.026657 -9.028816 -9.023500 -9.042530 -9.035242 -9.050929 -9.069189 -9.079560 -9.062488 -9.070920 -9.060367 -9.040942 -9.038110 -9.029137 -9.028335 -9.022376 -9.024173 -9.024762 -9.032088 -9.030489 -9.024136 -9.027178 -9.029175 -9.025385
-9.018067 -9.029591 -9.024055 -9.023244 -9.023883 -9.024458 -9.030792 -9.033921 -9.023338 -9.028235 -9.030529 -9.045796 -9.059573 -9.071099 -9.066691 -9.070476 -9.071841 -9.067435 -9.059641 -9.039715 -9.026605 -9.028014 -9.035921 -9.027429 -9.029073 -9.025852 -9.024038 -9.022703 -9.030438 -9.032249 -9.029004
-9.028939 -9.027146 -9.025678 -9.026281 -9.035573 -9.023525 -9.020749 -9.023547 -9.030816 -9.030743 -9.032044 -9.029995 -9.059297 -9.073018 -9.062249 -9.062926 -9.070530 -9.063550 -9.057366 -9.047057 -9.028496 -9.027412 -9.028285 -9.040017 -9.028311 -9.031611 -9.025243 -9.026536 -9.019027 -9.025441 -9.030140
-9.023665 -9.015810 -9.023844 -9.023859 -9.032915 -9.028655 -9.025517 -9.028087 -9.030130 -9.034820 -9.038440 -9.041833 -9.044009 -9.059489 -9.071246 -9.070215 -9.073358 -9.072760 -9.054160 -9.040318 -9.033389 -9.031958 -9.019503 -9.031915 -9.032800 -9.023438 -9.026125 -9.029011 -9.027603 -9.028302 -9.025736
